{
  "speed" : 10,
  "color" : {
    "red" : 0.8039215803146362,
    "green" : 0.3607843220233917,
    "blue" : 0.3607843220233917,
    "opacity" : 1.0,
    "opaque" : true,
    "hue" : 0.0,
    "brightness" : 0.8039215803146362,
    "saturation" : 0.5512195083975864
  },
  "textBrightness" : false,
  "classBlockLength" : 35,
  "time" : {
    "hour" : 8,
    "minute" : 30
  },
  "fastBreakTime" : 6,
  "fastBreakLength" : 15,
  "lunchBreakTime" : 2,
  "lunchBreakLength" : 30
}